3 10 0 2 0 1 0 3 2 0 0 0 0 0 0
6 2 0 0 2 0 0 9 1 0 11 0 1 0 0
2 0 0 0 3 0 1 3 1 1 0 2 5 0 0
2 1 0 0 2 0 0 0 0 1 1 0 0 0 0
0 1 0 0 0 0 0 0 0 0 0 0 0 0 0
3 0 0 1 8 0 2 11 1 0 0 1 0 4 0
4 3 0 2 4 0 6 0 0 1 1 4 0 1 0
7 1 0 18 2 0 2 22 1 11 2 0 0 3 0
26 1 0 1 1 0 2 2 1 1 1 0 0 2 0
3 6 1 0 2 1 1 3 3 1 1 11 0 1 3
4 9 0 1 1 0 1 0 0 0 6 0 0 0 4
0 2 0 0 0 0 0 0 0 0 0 0 0 0 0
0 1 0 1 3 1 3 4 1 0 0 0 0 0 0
4 0 0 1 4 1 1 17 0 0 0 3 0 0 15
1 6 0 1 4 0 0 0 10 0 0 0 0 2 0
5 2 1 1 5 1 0 4 1 1 5 0 1 0 5
3 5 0 1 2 0 0 8 2 1 3 2 0 0 0
20 4 1 0 3 0 0 1 0 0 0 2 0 1 0
3 1 0 0 2 0 0 2 0 0 0 1 0 0 0
0 2 0 0 0 0 0 0 0 0 1 5 0 0 0
6 22 0 0 5 0 3 6 0 0 2 6 0 0 5
2 5 0 1 4 2 4 11 4 0 7 0 0 0 0
4 13 0 1 4 0 0 2 21 0 1 10 0 1 0
7 1 1 2 4 7 0 12 0 0 1 0 0 1 0
7 8 0 0 0 0 0 20 8 1 0 16 1 1 0
2 3 0 2 2 0 11 8 2 0 0 3 0 0 0
1 5 0 1 4 1 0 0 0 0 0 0 0 1 0
12 12 0 2 6 0 0 31 5 0 1 27 0 1 6
2 6 0 1 2 1 1 2 6 0 4 2 0 0 0
3 6 0 3 21 6 0 0 1 0 0 0 0 5 0
1 5 0 1 3 0 0 17 0 0 0 4 0 0 0
0 1 0 1 4 0 1 1 1 0 0 1 0 0 0
2 0 0 0 1 0 0 2 0 0 0 0 0 0 0
1 1 0 0 3 0 0 1 0 0 0 0 0 0 0
1 2 1 0 3 0 0 1 5 0 2 0 0 3 0
0 5 2 2 4 0 1 6 2 1 10 0 0 1 0
6 1 0 0 8 0 1 7 2 1 9 1 1 2 0
2 9 0 1 0 0 0 35 1 2 9 1 0 0 1
1 0 0 2 1 0 0 0 5 0 0 0 0 0 0
0 1 0 0 2 0 0 0 0 0 0 0 0 0 0
2 0 0 1 9 1 0 2 0 0 2 0 0 0 0
1 7 0 1 5 0 0 8 0 0 0 0 0 5 0
4 1 0 1 0 0 0 4 1 0 5 0 0 0 0
3 9 0 6 5 1 1 11 1 1 3 11 0 0 0
10 22 1 1 7 0 0 8 1 0 0 0 0 0 0
2 2 0 3 2 0 0 1 4 0 1 2 1 2 0
3 3 0 1 0 0 1 0 0 0 1 2 0 0 1
1 1 0 1 2 0 0 5 2 0 3 0 0 0 0
3 4 1 1 1 1 2 9 3 0 0 3 0 0 0
3 0 0 0 16 7 0 4 1 0 0 1 10 0 1
2 4 0 2 2 0 0 16 3 0 3 0 0 0 0
5 6 1 2 9 0 0 10 1 0 0 0 0 0 0
10 4 0 1 1 0 0 3 3 0 8 7 0 0 0
1 6 8 0 0 0 0 25 0 0 0 0 0 0 0
2 5 0 1 1 0 0 7 1 0 2 0 0 1 0
8 0 0 2 10 0 1 3 1 0 1 0 1 1 0
1 5 2 0 1 0 0 7 5 2 3 2 0 0 3
2 7 1 5 6 0 1 5 1 0 4 7 1 2 0
4 0 0 3 5 1 3 12 1 0 6 0 0 1 0
2 1 0 1 3 1 1 0 1 1 1 0 0 0 0
3 1 0 0 0 0 0 0 0 0 0 0 0 0 0
3 0 0 0 4 0 0 0 2 0 0 0 0 1 0
