0 0 0 0 0 0 0 1 0 0 0 0 0 0 2
0 1 0 0 0 0 0 1 0 0 0 0 0 0 2
0 0 0 0 0 1 0 0 0 0 0 3 0 0 1
0 0 0 0 0 0 0 0 0 0 0 0 0 0 0
0 0 0 0 0 0 0 1 0 0 0 0 0 0 0
0 0 0 0 0 1 0 0 1 0 4 0 0 0 0
0 0 0 0 0 0 0 1 1 0 0 5 0 0 1
0 0 0 0 0 0 0 1 1 0 0 0 0 0 0
0 0 0 0 0 0 0 0 0 0 1 5 0 21 0
0 0 2 0 0 0 0 0 0 0 1 0 0 0 0
0 0 0 0 0 0 0 0 0 0 0 0 0 0 0
0 0 1 1 0 0 0 0 2 0 0 0 0 0 0
0 0 0 0 12 1 0 4 0 0 0 8 0 0 0
0 0 0 0 2 0 1 0 0 0 0 1 0 6 7
0 0 0 1 0 0 0 2 1 0 0 0 0 0 14
0 0 0 0 1 0 0 3 6 0 0 5 0 0 4
0 0 0 0 0 0 0 0 0 0 0 0 0 0 0
0 0 0 0 0 0 0 0 0 0 0 0 0 0 0
0 0 1 0 0 0 0 0 0 0 0 0 0 0 1
0 0 0 0 3 3 0 4 1 0 5 0 0 0 0
0 0 0 0 0 0 0 0 0 0 0 0 0 0 0
0 2 0 1 0 0 0 0 0 0 2 0 0 1 0
0 0 1 0 0 0 0 0 0 0 3 0 0 0 0
0 0 0 0 0 0 0 0 0 0 0 1 0 0 0
0 0 0 0 0 0 0 0 0 0 0 0 0 8 0
0 0 0 0 0 0 0 0 0 0 0 0 0 0 0
0 0 0 0 1 0 0 0 0 0 0 0 0 0 0
0 0 0 0 1 1 0 1 0 0 0 0 0 0 0
0 0 0 0 1 0 0 3 0 0 0 0 0 0 0
0 0 0 0 0 0 0 2 0 0 0 0 0 0 0
0 0 0 0 0 0 0 0 0 0 0 0 0 0 0
0 0 0 0 0 0 0 0 0 0 5 0 0 0 0
0 1 1 0 0 0 0 0 0 0 0 0 0 0 0
0 0 0 0 3 6 1 1 1 0 2 0 0 2 0
0 1 0 0 1 0 0 0 0 0 0 0 0 0 0
0 0 2 0 0 2 0 11 0 0 7 0 0 2 0
0 0 0 1 3 0 0 1 0 0 0 0 0 4 0
0 0 0 0 0 0 0 0 0 0 0 0 0 0 0
0 0 0 0 1 0 0 1 0 0 0 1 0 0 1
0 0 0 0 0 0 0 0 3 0 0 6 0 0 0
2 2 0 0 0 0 0 3 2 0 0 0 0 0 0
0 0 0 0 0 0 0 0 1 0 2 0 1 0 0
0 2 1 0 0 0 4 7 0 0 1 2 0 0 0
0 0 0 0 1 0 8 0 2 0 2 0 0 0 0
0 0 0 0 2 3 0 0 1 0 0 0 0 0 0
1 0 0 0 0 0 0 0 0 0 0 0 0 0 0
0 0 1 0 0 0 1 1 0 0 1 0 0 0 0
0 0 0 0 0 0 2 0 3 3 1 1 0 0 0
0 0 0 0 0 0 0 27 1 1 0 0 0 0 0
0 2 0 0 0 0 0 0 1 0 0 0 0 0 0
0 0 1 0 0 0 1 2 1 0 4 1 0 7 2
0 0 1 0 0 0 0 0 2 0 0 0 0 0 0
0 0 1 0 0 0 0 0 0 0 0 0 0 0 0
0 0 0 0 0 0 0 0 5 0 1 0 0 0 0
0 3 0 0 1 0 1 2 1 2 0 0 0 0 0
0 0 0 0 1 0 0 2 0 0 0 0 0 0 0
0 10 0 0 0 0 0 0 6 0 0 0 0 0 0
2 0 1 0 12 5 0 2 10 2 0 0 0 0 0
0 0 0 0 0 0 0 7 0 0 0 0 0 0 0
0 0 0 0 21 6 5 17 6 0 0 0 0 2 3
1 0 0 0 0 1 0 0 1 0 0 0 0 0 0
0 0 0 0 0 1 0 2 0 0 1 0 0 0 0
0 0 0 0 2 0 0 1 2 0 0 0 0 0 0
0 0 0 0 0 0 1 0 0 0 1 0 0 0 0
0 0 0 0 0 0 0 0 0 0 0 0 0 0 0
0 0 0 0 0 0 0 0 0 0 0 0 0 0 0
0 0 0 0 0 0 0 0 0 0 0 0 0 0 0
0 0 0 0 0 0 0 0 0 0 0 0 0 0 0
0 0 0 0 0 0 0 0 0 0 0 0 0 0 0
0 0 0 0 0 0 0 0 0 0 0 0 0 0 0
0 0 0 0 0 0 0 0 0 0 0 0 0 0 0
0 0 0 0 0 0 0 0 0 0 0 0 0 0 0
0 0 0 0 0 0 0 0 0 0 0 0 0 0 0
0 0 1 0 0 0 0 0 0 0 0 0 0 0 0
0 0 0 0 0 0 0 1 1 0 0 0 0 0 0
0 0 1 0 0 0 0 1 0 0 0 0 0 5 0
1 0 0 0 0 0 0 1 1 0 0 0 0 0 0
0 0 1 0 0 0 0 0 0 0 0 0 0 0 0
0 0 1 0 0 0 0 1 0 0 0 0 0 0 0
0 0 0 0 0 0 0 0 0 0 0 0 0 0 0
0 0 0 0 0 0 0 2 0 1 4 0 0 10 0
0 1 0 0 3 0 0 2 0 0 0 0 0 0 0
1 0 0 0 0 0 0 8 3 0 2 0 0 6 0
0 0 0 0 0 1 0 20 1 0 0 0 0 0 0
0 0 0 0 0 0 0 5 0 0 0 0 0 0 0
0 0 0 0 5 0 0 8 1 0 1 0 0 0 0
0 0 0 1 0 0 0 0 0 0 0 0 0 0 0
0 0 2 1 0 0 0 7 1 1 0 0 0 0 0
1 0 0 0 1 2 0 2 0 0 4 0 1 1 0
2 0 0 1 0 0 0 1 0 0 0 0 0 0 0
0 0 1 0 1 0 0 5 0 8 5 1 24 0 0
1 0 0 0 0 0 0 0 0 0 0 0 0 10 0
0 0 0 1 0 0 0 1 0 0 0 0 0 0 0
0 0 0 0 0 0 0 0 0 0 0 0 0 0 0
0 0 1 0 10 0 0 3 2 0 0 0 0 0 0
0 0 0 0 0 1 0 2 2 0 0 0 0 0 0
0 0 0 1 0 1 0 1 0 0 0 0 0 3 0
1 0 1 0 0 0 0 3 1 0 0 0 0 0 2
0 0 2 0 0 1 1 0 0 0 2 0 0 0 0
0 0 0 0 0 0 0 0 2 0 0 2 0 0 0
0 0 0 0 3 0 0 1 0 0 0 1 0 0 0
0 0 0 0 1 0 0 0 2 0 1 0 0 0 0
0 1 0 1 0 0 0 2 2 0 1 0 0 0 0
0 0 1 1 0 1 0 1 0 0 3 0 0 0 0
0 0 0 0 4 0 0 0 0 0 0 0 0 0 0
0 0 0 0 0 0 0 14 0 0 0 0 0 0 0
0 0 0 0 0 1 0 10 0 1 0 0 0 0 0
0 0 0 0 0 0 0 0 0 0 0 0 0 0 0
0 0 0 0 0 0 0 3 0 0 0 0 0 0 0
0 1 0 0 1 0 0 0 1 0 2 0 0 0 0
0 8 0 0 2 0 1 3 0 0 1 0 0 0 0
0 8 0 0 0 1 0 2 0 0 2 0 0 1 0
0 0 0 0 0 0 0 0 0 0 0 0 0 1 0
1 0 0 0 0 0 0 7 0 0 5 0 0 0 0
0 0 0 1 0 0 0 1 0 0 0 0 0 0 0
0 0 0 0 0 0 0 24 0 0 0 0 0 1 1
0 2 0 0 8 5 0 3 0 0 0 1 0 0 0
1 0 0 0 1 0 1 3 1 0 4 0 0 21 0
0 0 0 0 0 0 0 1 0 0 1 0 0 3 0
2 4 0 2 2 1 0 1 0 0 1 2 0 3 0
0 0 0 0 0 0 0 0 0 0 0 0 0 0 0
0 0 0 0 0 0 0 0 0 0 0 0 0 0 0
0 0 0 0 0 0 0 0 0 0 0 0 0 0 0
0 4 0 0 0 0 0 0 11 0 1 0 0 17 0
0 0 0 0 4 2 3 1 0 0 0 0 0 0 0
1 8 0 0 1 0 2 0 0 0 0 0 0 0 0
0 4 1 1 0 0 0 1 0 0 0 0 0 0 0
0 4 0 0 0 1 0 0 0 0 0 0 0 0 0
0 0 1 0 0 0 0 0 1 0 0 0 0 0 0
0 0 0 0 0 0 0 0 1 0 0 0 0 0 0
0 1 0 1 5 0 0 7 4 0 0 0 0 0 0
0 0 0 0 8 6 0 12 0 0 0 0 0 1 0
5 7 0 0 5 6 0 0 2 0 2 0 0 0 0
0 1 2 0 0 1 0 1 0 0 0 0 0 0 0
0 0 0 0 17 3 1 4 0 0 2 5 5 0 0
0 0 0 0 0 0 0 0 0 0 0 0 0 0 0
0 0 6 0 1 0 0 0 0 0 0 2 0 0 0
0 0 0 0 16 0 1 2 0 0 0 0 0 0 0
0 0 1 0 5 0 1 8 4 0 1 0 0 0 0
1 5 0 0 7 8 0 22 3 0 1 0 0 0 0
2 1 0 0 15 1 2 12 0 1 5 2 0 0 0
1 0 0 0 0 0 0 1 0 0 0 0 0 0 0
0 4 0 0 0 0 0 0 0 0 0 0 0 0 0
0 0 0 0 1 1 0 2 0 0 0 0 0 0 0
0 0 2 1 0 2 0 5 4 0 0 4 0 0 1
1 4 0 0 5 8 0 19 2 0 6 1 0 0 0
0 0 0 0 3 9 0 1 2 0 0 1 0 0 0
1 0 0 0 12 5 3 4 3 0 0 6 0 0 0
0 0 0 1 0 0 0 0 0 0 11 0 0 3 0
1 0 0 0 0 0 0 0 0 0 0 0 0 0 0
